$ANSIBLE_VAULT;1.1;AES256
66623637323932353064313836653335333431666363386563616261343533653961343666653731
6535316638373066653130383563333933336430366637610a303664663437653633303637313366
34373830623330306161366265376530616431666464383931613039306562636633653931333261
6665346534636131330a623764356562616231383031626539316163623362326665393031393364
33313862656661373861346564633537613730623462336536373761343335613038393663353935
37353335623339303165343936386365303566383837396564393561613833396365653934653539
30353334353634366439616165653662356266376137323833393039366237326263646165323735
31366238633138326365636664633962393430333461343139316563666635353763333735323436
61376261656136376535633261373733616363656433316430306334396666393739646332336363
65383434323135323566626630333035613236623362626230323336646431366662653663393665
61353966666537316432373034326534303663363162356366356633353834316438643234613531
34613432363365386431336136326233373131383161663830626532653461383766633666613466
3531
